320000 6 256 0.0625 0.1 4
320000 6 384 0.0625 0.1 6
320000 6 768 0.0625 0.1 12
320000 6 1024 0.0625 0.1 16
320000 6 256 0.125 0.1 4
320000 6 384 0.125 0.1 6
320000 6 768 0.125 0.1 12
320000 6 1024 0.125 0.1 16
320000 6 384 0.25 0.1 6
320000 6 768 0.25 0.1 12
320000 6 384 0.375 0.1 6
320000 6 768 0.375 0.1 12
320000 6 384 0.5 0.1 6
320000 6 768 0.5 0.1 12
320000 6 256 0.625 0.1 4
320000 6 384 0.625 0.1 6
320000 6 768 0.625 0.1 12
320000 6 1024 0.625 0.1 16
320000 6 384 0.75 0.1 6
320000 6 768 0.75 0.1 12
320000 6 384 1.0 0.1 6
320000 6 768 1.0 0.1 12
320000 6 384 1.5 0.1 6
320000 6 768 1.5 0.1 12
320000 6 256 2.0 0.1 4
320000 6 384 2.0 0.1 6
320000 6 768 2.0 0.1 12
320000 6 1024 2.0 0.1 16
